0 200 800
1 200 1100
2 3600 2300
3 3100 3300
4 5400 1600
5 6650 2300
6 7300 3300
7 7850 3300
8 8350 2300
9 10150 1600
10 11400 2300
11 12050 3300
12 12600 3300
13 13100 2300
14 14900 1600
15 16150 2300
16 16800 3300
17 14900 5750
18 14200 5750
19 13993 7102
20 13100 6950
21 12600 7250
22 12050 7250
23 11400 6950
24 10358 7103
25 9243 7102
26 8350 6950
27 7850 7250
28 7300 7250
29 6650 6950
30 5608 7103
31 4493 7102
32 3600 6950
33 3100 7250
34 4700 8450
35 5400 8450
36 5610 10053
37 4492 10052
38 3600 10800
39 3100 10950
40 4700 11650
41 5400 11650
42 6650 10800
43 7300 10950
44 7850 10950
45 8350 10800
46 9242 10052
47 10360 10053
48 11400 10800
49 12050 10950
50 12600 10950
51 13100 10800
52 13992 10052
53 15110 10053
54 16150 10800
55 16800 10950
56 14900 11650
57 14200 11650
58 14200 8450
59 14900 8450
60 15108 7103
61 16150 6950
62 16800 7250
63 19800 10000
64 19800 11900
65 19800 12200
66 10150 11650
67 9450 11650
68 9450 8450
69 10150 8450
70 10150 5750
71 9450 5750
72 5400 5750
73 4700 5750
74 200 12200
75 19800 800
